1
SnapFrameRev
23
10,25,70,90,100,100,40,100,10,100,0,50,100,100,1,0,1,-15,10,1,0,300,0,
1
GrowlPotRev
23
28,50,50,50,90,100,70,70,9,100,0,50,100,100,1,0,0,-120,10,1,0,300,0,
9
SpaceZMadTem
18
10,1,2500,5000,9000,36,25,100,0,1,1,1,-120,10,1,50,300,0,
1
SpankB.Rev
23
30,65,80,75,100,100,50,100,7,100,3,50,100,100,1,0,0,-120,10,1,0,300,0,
1
DeepSebGgRev
23
70,140,80,90,65,100,20,100,38,100,4,50,100,100,1,0,0,-30,10,1,0,300,0,
1
WonderBelRev
23
26,30,40,92,100,100,0,100,30,100,0,50,100,100,1,0,0,-120,10,1,0,300,0,
2
TuTuDrmDly
26
0,420,280,50,100,100,28,100,10,20,180,4,50,100,100,1,0,4,16,1,-80,10,0,20,90,15,
2
MetaGamelDly
26
0,3000,9000,50,100,100,30,100,25,30,180,4,50,100,100,1,0,0,70,1,-60,10,1,0,300,0,
7
AquaFrstTDLY
51
2000,2600,3200,4500,5700,6500,7600,8900,9900,11000,5000,48,60,54,51,45,46,41,40,30,30,49,79,36,92,24,104,14,114,1,127,65,60,100,100,85,3,50,50,500,1,0,5,36,1,-60,10,1,0,360,0,
1
Ventor.Rev
23
45,110,80,98,100,100,73,77,25,100,4,50,100,100,1,0,0,-120,10,1,0,300,0,
1
LogPrimtvRev
23
20,50,60,75,100,100,8,100,10,100,0,50,100,100,1,0,1,-120,10,1,0,300,0,
1
TaikoTribRev
23
18,60,40,60,100,100,20,100,4,100,0,50,100,100,1,0,1,-50,10,1,0,600,25,
1
DrumNativRev
23
16,55,100,100,90,100,50,80,10,100,0,50,100,100,1,0,0,-60,10,1,0,300,0,
1
DrumInfiRev
23
60,90,35,100,100,100,50,100,30,100,0,50,100,100,1,0,0,-120,10,1,0,300,0,
9
SpaceZFramey
18
10,0,38,59,1000,44,17,100,0,1,1,0,-100,10,1,50,300,0,
1
GobletD2Rev
23
30,50,50,50,90,100,70,70,8,100,0,50,100,100,1,0,0,-120,10,1,0,300,0,
1
HypKanjr_REV
23
8,0,70,85,80,100,70,70,72,100,0,50,100,100,1,0,0,-120,10,1,0,300,0,
1
ScatterDrRev
23
15,70,100,85,72,100,90,70,20,100,3,70,70,200,1,0,1,-100,5,0,0,650,0,
1
PuppyB.Rev
23
18,50,40,20,100,100,0,100,3,100,0,50,100,100,1,0,0,-120,10,1,0,300,0,
1
StompRev
23
20,38,100,55,75,100,85,70,55,100,0,50,100,100,1,0,1,-50,10,1,0,300,10,
1
HocusP.Rev
23
70,150,30,90,100,100,50,100,32,100,4,50,100,100,1,0,0,-120,10,1,50,300,0,
5
SequentialPh
22
50,45,50,80,20,180,4,0,50,100,100,1,0,0,70,1,-120,10,1,0,300,0,
1
ElecDrivRev
23
50,100,30,100,100,100,50,100,15,100,0,50,100,100,1,0,0,-120,10,1,0,300,0,
1
Synapse.Rev
23
20,60,90,90,100,100,70,100,30,100,3,50,100,100,1,0,1,-80,10,1,0,300,0,
1
LimeGrt.Rev
23
40,200,100,100,100,100,85,70,55,100,1,50,100,100,1,0,0,-120,10,1,0,300,0,
2
RockGlxyDlyP
26
2,-70,4500,40,90,100,60,100,25,30,180,4,80,50,2000,1,0,0,70,0,-120,10,1,0,300,0,
1
HellContRev
23
50,100,30,100,100,100,50,100,15,100,0,50,100,100,1,0,0,-120,10,1,0,300,0,
4
WormSwormFlg
21
51,55,70,85,40,180,2,50,100,100,1,0,0,70,0,-120,10,1,0,300,0,
4
DrmCartnFlg
21
75,63,78,70,60,180,2,50,100,100,1,0,0,70,0,-120,10,1,0,300,0,
6
GummyWh/Wah
20
0,80,250,3150,200,1,70,40,80,1,1,0,70,0,-120,10,1,0,300,0,
1
BeastCaveRv-
23
100,0,100,0,100,100,80,80,80,100,1,50,100,100,1,0,0,-120,10,1,0,300,0,
1
BlackRevLev+
23
100,200,100,100,90,100,80,90,95,100,3,35,15,310,1,0,1,-68,10,1,0,300,0,
2
TwinkleDly.
26
2,9600,9600,90,80,100,100,100,1,30,180,3,20,50,0,1,0,0,70,0,-120,10,1,0,300,0,
2
SingBgDlyP.S
26
2,4800,4800,50,95,100,90,100,56,80,180,6,88,30,60,1,0,2,58,0,-120,10,1,0,300,0,
2
RubbDlyTime+
26
2,80,120,84,100,100,100,80,28,50,180,5,60,100,100,1,0,0,70,1,-80,10,1,0,300,0,
6
CelluloidWah
20
4,60,100,3337,300,1,70,15,5,1,1,0,70,0,-140,10,2,0,300,0,
7
MatrixTapDly
51
3000,4000,5000,6000,7000,8000,9000,10000,11000,12000,12000,50,55,60,65,70,80,90,100,100,110,48,80,32,96,16,112,9,119,1,127,0,80,100,90,100,3,100,0,0,1,0,4,70,1,-120,10,1,0,300,0,
1
aMaze.Rev
23
2,80,100,96,80,100,40,60,50,100,4,50,100,100,1,0,0,-120,10,1,0,300,0,
3
CanterbryCho
19
3,6,100,180,500,7551,100,80,1,0,0,70,0,-120,10,1,0,300,0,
2
S&MoldDelay
26
0,4000,3000,35,80,100,45,100,45,40,180,3,50,100,100,1,0,0,50,0,-120,10,1,0,300,0,
1
SlapFram.Rev
23
20,60,90,90,100,100,70,100,30,100,3,50,100,100,1,0,0,-120,10,1,50,300,0,
1
Retro.Rev
23
42,140,100,98,100,100,69,70,24,100,4,50,100,100,1,0,0,-120,10,1,0,300,0,
3
LiquidChorus
19
5,8,80,180,20,10000,80,100,1,0,2,55,0,-120,10,1,0,300,0,
1
BassOnI.Rev
23
48,200,90,70,100,100,88,100,10,100,4,50,60,400,1,0,0,-120,10,1,0,300,0,
1
CosmSambPRev
23
60,200,100,100,90,100,50,90,80,100,3,60,120,100,1,0,0,-120,10,1,0,300,0,
1
DizzyB.Rev
23
30,120,100,75,90,100,70,100,16,100,4,50,100,100,1,0,0,-120,10,1,0,300,0,
9
SpaceZSlgHmr
18
8,1,50,80,340,70,20,100,0,1,0,1,-28,10,1,50,300,0,
2
TebhAnct_DLY
26
0,3000,4500,28,80,100,30,100,10,20,180,4,50,100,100,1,0,0,70,0,-120,10,1,0,300,0,
1
CstSpPresRev
23
72,120,100,100,80,100,70,70,90,100,0,50,50,200,1,0,0,-120,10,1,0,300,0,
5
MagicPhsMn+
22
68,12,48,85,-60,180,5,2,50,100,100,1,0,0,70,0,-120,10,1,0,300,0,
1
CaphoneRev
23
14,35,100,100,73,100,50,20,60,100,4,50,100,100,1,0,1,-80,10,1,0,300,0,
1
TweetSambaRv
23
6,100,80,90,100,100,90,100,40,100,0,50,100,100,1,0,0,-120,10,1,0,300,0,
1
JungleCallRv
23
27,35,40,80,100,100,0,100,18,100,0,50,100,100,1,0,0,-120,10,1,0,300,0,
3
DevilDrm.Cho
19
5,100,95,180,168,10000,70,100,1,0,0,70,0,-120,10,1,0,300,0,
1
SnowFrameRev
23
24,40,60,80,80,100,40,100,30,100,0,50,100,100,1,0,1,-63,10,1,0,250,10,
1
BuzzBukD.Rev
23
21,50,40,20,100,100,0,100,3,100,0,50,100,100,1,0,1,-80,10,1,0,300,0,
1
Bamboorn.Rev
23
12,60,80,90,100,100,80,60,35,100,0,60,100,100,1,0,0,-120,10,1,0,300,0,
1
RockRoarRev
23
7,50,100,100,60,100,100,75,75,100,3,80,100,92,1,0,1,-80,10,1,5,440,0,
1
ClustGng_REV
23
13,0,100,100,90,100,70,70,72,100,0,50,100,100,1,0,0,-120,10,1,0,300,0,
3
Hysteric.Cho
19
4,88,100,180,200,10000,90,100,1,0,0,50,0,-120,10,1,0,300,0,
8
SpaceRHypAsa
22
0,1,18,1,4000,40,53,100,0,50,100,100,0,1,1,0,-120,10,1,50,300,0,
5
BasstrPhaser
22
25,85,70,88,55,180,4,0,50,60,100,1,0,0,70,1,-140,11,0,0,200,10,
2
AsiaDelDly
26
2,8000,8200,40,80,100,25,100,20,25,180,4,70,100,100,1,0,0,70,0,-120,10,1,0,300,0,
1
Wicked.Rev
23
70,200,30,90,100,100,20,100,30,100,4,50,100,100,1,0,0,-120,10,1,0,300,0,
1
CircCavePRev
23
90,100,100,100,85,100,75,60,80,100,3,50,50,200,1,0,0,-120,10,1,0,300,0,
5
WarpGongPhsP
22
12,35,15,62,20,180,20,2,50,100,100,1,0,5,20,0,-120,10,1,0,300,0,
8
SpaceRElecSn
22
0,1,12,1,4500,48,55,100,3,50,100,100,0,1,1,0,-120,10,1,50,300,0,
8
SpaceRLabyrn
22
30,2,20,0,460,32,100,8,1,30,80,80,0,1,0,1,-65,10,1,50,300,15,
4
BubbleDrmFlg
21
62,70,80,95,45,180,2,50,70,140,1,0,0,70,1,-40,10,1,9,300,0,
6
FrogSingWah
20
0,75,110,2000,88,1,70,70,300,1,1,3,40,0,-120,10,1,0,300,0,
1
BlastCellRev
23
21,60,55,70,100,100,30,100,5,100,0,50,100,100,1,0,1,-90,10,1,0,400,20,
1
ExpCj.PresRv
23
80,100,100,100,100,100,70,100,70,100,2,50,100,100,1,0,1,-70,11,0,0,400,0,
2
ShamiTechDLY
26
0,-90,-90,100,85,100,100,100,10,15,180,3,32,30,150,1,0,0,50,1,-80,10,1,0,600,15,
2
XCapoDlyT+
26
2,600,700,55,100,100,100,100,82,51,180,5,50,80,400,1,0,0,35,1,-40,10,1,0,400,0,
2
RewiDlyTime+
26
2,60,90,95,100,100,75,100,6,40,180,5,60,100,100,1,0,0,70,1,-80,10,1,0,300,0,
5
WrdJPhsManu+
22
60,15,46,80,0,180,4,2,50,100,100,1,0,0,70,1,-120,10,1,0,400,0,
1
BugBird.PRev
23
100,80,100,100,75,100,60,60,90,100,3,50,50,200,1,0,0,-120,10,1,0,300,0,
3
PsychoChorus
19
5,30,80,180,50,10000,70,100,1,0,4,80,0,-120,10,1,0,300,0,
6
FilteredWah
20
2,70,200,5000,96,1,85,220,500,1,1,1,70,0,-120,10,1,0,300,0,
2
HurtlngDelay
26
0,3360,3300,50,85,100,55,100,12,59,180,1,70,40,0,1,0,0,70,0,-120,10,1,50,300,0,
