0
SnappyFramey
79
40,3,15,30,40,13,90,-12,8,0,65,0,100,9,17,64,3000,90,65,-3,8,0,1,0,0,1,95,2,2520,290,10,120,20,10,0,-90,0,7,100,0,10,5000,130,15,840,500,30,90,81,4,64,64,64,64,64,100,75,90,50,70,80,100,100,100,100,100,64,0,0,50,1,-100,-150,0,100,100,0,0,0,
0
GrowlingPot
79
0,2,30,-1200,68,85,100,10,55,0,-50,-5,100,11,24,953,200,65,20,6,3,0,-60,0,3,4,20,8,-6000,90,5,66,100,50,5,0,10,4,60,170,45,8681,0,25,530,743,50,90,33,0,64,79,64,64,64,110,80,105,75,0,10,100,100,60,0,100,64,0,0,50,1,-100,-150,0,100,100,0,0,0,
0
3D MadTemple
79
50,29,23,-2100,90,40,50,-5,-85,0,1,0,50,29,23,-2100,3000,90,26,5,85,0,0,0,2,1,70,11,-6400,500,5,100,10,-20,0,0,1,2,50,40,5,1250,60,5,500,500,12,100,50,6,531,365,64,64,64,90,80,50,70,65,100,100,100,0,0,80,64,0,0,50,1,-100,-136,50,90,100,50,14,0,
0
SpankBass
79
0,0,9,-2800,100,-15,70,-2,9,14,16,-1,100,12,20,750,300,85,60,40,30,0,-50,0,1,2,85,3,1418,200,20,88,35,55,20,-100,0,8,100,0,10,5000,0,10,500,1260,10,100,60,0,64,64,64,64,64,100,100,85,0,0,0,100,85,100,100,100,64,0,0,50,1,-100,-150,0,100,100,0,0,0,
0
DeepSeaGong
79
0,24,20,16,26,55,88,-40,6,0,71,0,40,20,29,2237,320,60,75,26,-25,0,0,-15,15,4,100,10,607,660,0,100,95,45,-20,0,18,-30,32,180,28,5000,0,10,500,500,50,350,50,2,64,34,94,64,64,100,65,65,100,0,50,100,100,15,0,100,64,30,0,50,1,-100,-150,0,100,100,0,0,0,
0
WonderBell
79
70,2,12,-6600,14,80,70,0,0,11,0,0,50,2,25,-6200,1200,100,35,-2,0,-11,26,0,0,0,70,10,-7400,1200,15,79,33,0,0,0,0,5,100,0,10,5000,130,15,840,500,35,490,21,2,1063,1344,857,64,64,110,80,75,1,0,80,100,60,100,100,85,64,0,0,50,1,-100,-150,0,100,100,0,11,0,
0
TutTutDrum
79
0,18,18,-1700,10,-50,90,10,60,0,0,70,100,15,23,1669,35,75,95,80,40,0,0,-65,3,1,0,18,-2900,120,10,160,70,-10,50,31,0,3,100,0,10,5000,0,10,500,1000,0,200,16,1,59,64,69,64,64,95,75,95,0,0,0,100,50,100,100,90,64,0,0,50,1,-100,-150,-5,100,100,0,0,0,
0
MetaGamelan
79
55,29,4,-3810,9,70,70,2,2,525,1,0,65,29,12,-7400,780,-70,93,6,2,781,1,0,0,3,45,9,-5000,650,39,160,95,-5,0,0,0,4,100,0,10,5000,0,10,500,1000,0,100,50,4,32,96,64,64,64,105,70,95,0,0,75,44,105,100,100,100,64,0,0,50,1,-100,-150,0,100,100,0,1052,0,
0
AquaForest
79
0,19,12,18,20,15,60,-10,1,28,51,0,75,19,28,120,720,90,85,4,70,27,31,0,0,2,85,19,3360,950,48,68,50,20,50,-73,14,-10,100,0,10,7492,120,25,500,500,30,300,60,1,64,24,2368,64,64,110,85,341,0,0,0,60,105,0,0,100,64,2,80,130,1,-63,-60,50,100,100,65,2306,0,
0
VentD'Orient
79
0,0,9,-3800,18,30,75,-6,0,539,0,0,100,25,7,-6211,2200,10,54,0,0,26,0,0,3,1,30,13,-5000,330,10,25,50,-3,0,0,11,3,100,0,10,5000,0,10,500,500,30,100,50,3,54,2584,2378,64,64,115,105,65,0,0,0,100,70,100,100,100,64,0,0,50,1,-100,-150,-8,100,100,30,519,0,
0
LogPrimitive
79
0,1,4,80,10,-20,30,-1,8,0,31,0,100,10,15,217,800,-40,85,30,10,0,0,0,0,2,15,8,450,220,18,32,45,10,0,0,6,5,53,180,120,4719,0,60,500,500,20,90,50,6,64,64,64,64,64,110,90,85,80,0,80,100,105,50,80,100,64,0,0,50,1,-100,-150,0,100,100,0,0,0,
0
TaikoTribe
79
0,16,8,50,26,-80,75,-6,8,0,36,0,100,16,28,359,550,-15,70,3,7,0,21,0,0,1,90,10,262,300,0,10,95,5,4,0,0,1,201,120,5,4998,140,50,350,545,35,250,20,6,64,79,49,64,79,100,80,356,85,80,75,100,100,100,100,100,64,0,0,50,1,-100,-150,0,100,100,0,0,0,
0
DrumNative
79
60,3,1,212,6,86,75,2,2,0,61,0,2,4,15,212,120,75,100,8,8,0,41,0,0,5,50,9,124,940,0,5,84,10,3,65,0,4,60,160,28,4336,180,5,998,287,55,240,5,4,56,72,64,64,64,617,336,68,70,95,40,80,20,100,20,100,64,0,0,50,1,-100,-150,0,100,100,0,0,0,
0
DrumInfinity
79
0,15,13,56,50,20,70,-20,50,0,1,0,100,11,23,700,90,60,85,10,5,0,0,0,2,2,0,9,30,800,0,100,60,-10,20,0,42,-9,45,150,10,5000,0,10,400,500,0,100,50,4,64,2368,64,64,64,100,75,92,0,0,100,90,85,100,100,90,64,10,0,50,1,-100,-150,0,100,100,0,0,0,
0
Framey3D
79
95,11,19,334,48,-75,80,2,4,0,91,0,95,11,20,333,880,20,75,-5,9,0,57,0,0,0,40,9,334,1200,20,100,100,6,5,101,0,2,84,99,26,10000,90,70,209,1123,88,260,36,5,1,127,64,64,64,100,65,65,60,70,100,100,60,30,70,100,64,0,0,50,1,-100,-150,0,100,100,0,0,0,
0
Goblet Drum2
79
30,5,7,-2500,8,50,20,-60,25,0,35,0,100,22,18,821,200,0,70,6,48,0,21,0,0,1,10,9,62,360,0,5,100,10,10,12,0,8,59,40,40,9735,81,69,397,913,32,110,25,4,64,64,64,64,64,100,100,100,80,0,60,100,60,50,100,100,64,0,0,50,1,-100,-150,0,100,100,0,0,0,
0
HyperKanjira
79
40,0,30,-4800,9,65,90,99,18,0,1,-4,25,24,22,69,1100,-10,40,-8,100,11,1,0,0,4,80,10,667,180,5,120,85,80,100,1,0,7,100,0,10,5000,0,10,300,500,10,110,50,0,44,64,84,64,64,100,78,100,0,0,100,50,95,100,100,85,64,0,0,50,1,-100,-150,0,100,100,0,11,0,
0
ScatterDrums
79
100,11,30,252,10,45,90,10,8,0,0,0,0,18,7,28,600,55,80,30,-18,0,0,0,2,4,95,1,7902,120,10,68,88,35,0,0,8,6,88,120,30,1114,80,75,334,500,50,55,10,5,1344,64,1600,64,64,90,607,80,95,60,70,30,100,0,50,105,64,0,0,50,1,-100,-150,0,100,100,0,1543,0,
0
PuppyBell
79
50,24,18,1001,10,30,63,-34,37,0,1,0,50,24,21,944,1000,-7,37,75,-16,0,0,0,0,0,50,10,1000,600,0,10,80,-100,100,0,2,6,100,0,10,5000,0,10,500,500,0,100,50,4,64,64,64,64,64,100,90,100,0,0,100,100,100,100,100,100,64,0,0,50,1,-100,-150,0,100,100,0,0,0,
0
StompBlues
79
70,0,30,-3808,36,90,60,-12,0,10,16,0,70,4,29,-3300,2200,75,60,-12,0,10,16,0,0,3,35,15,-3092,2000,10,120,45,-20,-4,16,2,8,56,100,54,3537,70,103,530,589,22,70,60,4,14,114,64,64,64,100,50,55,70,0,90,100,70,0,100,100,64,0,0,50,1,-90,-150,-20,120,75,0,0,0,
0
HocusPocus
79
70,0,16,-5000,27,60,68,8,0,19,1,0,70,1,12,-6200,2200,50,35,8,0,19,0,-2,1,2,0,19,-3800,2500,2,100,14,-2,0,0,1,-5,100,0,10,5000,0,10,500,500,0,100,50,4,56,72,64,64,64,100,64,75,0,0,100,100,100,100,100,80,64,4,0,50,1,-100,-150,0,100,90,30,0,0,
0
Sequentials
79
0,0,5,-3300,40,30,50,0,0,27,0,-70,100,15,29,891,120,90,93,15,10,0,-80,0,0,8,20,18,-6900,200,2,90,80,2,0,0,4,8,100,0,10,5000,0,10,500,500,20,300,40,3,64,36,2890,64,64,90,65,100,0,0,100,70,75,100,100,55,64,0,0,50,1,-100,-150,-10,100,105,0,1799,0,
0
ElectroDrive
79
40,0,22,-5006,3,85,85,0,0,517,0,0,60,1,10,-7406,310,55,35,3,0,773,2,0,0,0,20,14,-3800,110,15,95,50,0,0,0,0,5,100,0,10,5000,0,10,20000,20,65,490,21,4,1564,1380,64,1,127,110,65,58,0,0,80,80,55,98,100,100,64,0,0,50,1,-100,-150,-20,100,100,20,539,0,
0
SynapseDance
79
60,0,30,-5200,10,50,26,-8,1,1798,0,0,50,30,16,-5200,1100,20,43,1,1,1051,3,0,0,2,60,16,-7600,220,15,150,50,-6,0,0,0,0,3200,50,10,3536,50,40,332,841,20,85,40,3,1063,64,857,64,64,110,85,50,30,0,80,80,110,0,0,95,46,0,0,50,1,-100,-200,0,100,100,0,2054,0,
0
LimeGrotto
79
0,18,32,-2900,7,100,100,-28,5,0,26,-1,100,30,31,3394,88,100,100,33,0,-3,-40,0,0,8,0,4,-6100,300,25,35,86,-70,22,1,0,8,761,58,82,4999,32,63,500,1000,10,20,15,0,64,94,64,64,64,110,55,80,0,0,40,115,88,50,50,100,64,0,0,50,1,-100,-150,0,100,100,0,0,0,
0
RockGalaxy
79
90,1,23,-8820,12,56,60,0,0,-7,1,0,70,2,28,-5220,900,0,50,2,0,7,1,0,0,1,0,12,-5708,180,55,100,60,-7,0,0,2,6,100,0,10,5000,0,10,202,504,8,60,39,2,2,127,64,64,64,105,95,85,0,0,100,100,20,100,100,90,64,50,0,50,1,-40,-33,-8,90,90,108,-7,0,
0
HellContinuo
79
50,30,24,-4002,75,45,40,-8,100,0,1,80,50,30,22,-4010,3000,15,26,-8,100,0,0,70,0,1,60,13,-7100,3000,10,100,25,-20,100,0,2,8,100,0,10,5000,0,10,500,500,0,100,50,1,127,1,64,64,64,100,80,55,0,0,100,100,90,100,100,70,64,0,0,50,1,-100,-152,-8,100,100,58,0,0,
0
WormSwarm
79
10,2,31,-3500,25,95,60,-25,32,0,7,0,100,9,27,120,480,60,75,20,30,0,9,0,2,5,25,13,-5190,800,25,15,63,-30,0,0,5,3,100,0,10,5000,0,10,420,630,30,100,50,1,58,39,70,64,64,100,70,60,0,0,85,90,70,0,100,90,64,0,0,50,1,-100,-150,80,100,100,20,15,0,
0
DrumnCartoon
79
30,18,28,50,4,90,60,40,50,0,1,0,70,14,20,740,20,70,90,50,100,0,-60,1,1,5,80,11,3176,2,1,55,50,-10,10,-64,8,1,100,0,10,5000,0,10,500,500,50,100,50,4,64,64,64,64,64,105,65,90,0,0,100,100,100,100,100,100,64,0,0,50,1,-100,-150,-50,100,100,20,0,0,
0
GummyWahWah
79
0,18,12,-4466,20,38,58,0,0,24,0,-20,100,9,24,-4500,800,25,50,15,25,0,1,0,0,1,50,13,-5700,250,0,20,60,-7,0,0,5,1,90,180,50,5000,0,10,354,707,30,100,50,4,64,64,64,64,64,110,70,65,100,0,90,100,100,100,100,100,84,15,0,50,1,-100,-151,10,100,100,30,0,0,
0
BeastCave
79
0,1,24,35,50,80,68,-80,-40,0,0,20,80,23,22,679,370,40,70,32,15,0,0,-10,0,5,50,3,443,480,73,65,99,70,100,1,2,8,100,0,10,5000,0,10,500,500,30,100,50,4,64,64,64,64,64,110,55,90,0,0,100,100,100,100,100,85,64,0,0,50,1,-100,-150,0,100,100,0,0,0,
0
BlackSahara
79
0,13,14,67,10,-30,78,-15,-10,0,0,0,95,11,32,507,770,18,100,33,0,0,16,0,0,1,0,3,418,320,40,60,92,-4,40,-65,1,-60,36,95,50,5000,0,10,375,1260,25,80,70,8,64,64,64,64,64,105,70,356,80,0,0,40,100,0,0,100,64,40,0,50,1,-100,-150,0,100,100,0,0,0,
0
TwinklingDrm
79
50,2,16,-6200,8,90,96,8,2,27,0,0,100,30,16,-8600,800,0,50,0,0,1793,0,0,0,2,0,15,-3755,120,25,160,100,-9,50,51,0,0,100,0,10,5000,0,10,210,2397,70,250,10,8,64,64,64,64,64,105,95,100,0,0,0,100,0,0,0,90,64,0,0,50,1,-100,-150,-15,100,100,30,0,0,
0
SingingBug
79
65,0,28,-7000,8,100,90,10,60,0,1,0,30,0,26,-6600,940,55,60,20,-80,0,1,0,0,0,40,11,-5400,60,25,85,88,33,5,31,2,8,100,0,10,5000,0,10,1000,200,8,60,39,3,14,114,64,64,64,105,49,60,0,0,100,100,20,100,100,95,64,0,0,50,1,-100,-150,-15,100,100,20,2843,0,
0
RubberDrum
79
0,3,20,101,4,80,80,-60,25,0,0,0,100,8,20,120,950,60,90,-40,27,0,0,0,3,4,42,11,176,110,10,14,73,50,-10,0,5,3,100,0,10,5000,0,10,500,500,40,100,50,3,79,49,64,64,64,100,80,90,0,0,100,100,100,100,100,90,64,0,0,50,1,-100,-150,-30,100,100,50,0,0,
0
CelluloiDrum
79
70,3,25,-5400,5,85,90,7,1,-22,0,0,10,3,22,-2610,360,100,80,7,-45,2304,56,0,0,1,50,14,-9000,150,0,30,40,3,1,0,1,2,50,150,20,8681,180,25,944,1114,29,260,0,4,2352,1344,1356,34,64,100,100,73,50,0,80,70,80,0,0,45,64,0,0,50,1,-100,-75,-25,100,100,2,22,0,
0
MatrixAsia
79
20,0,7,-2590,26,70,32,-3,2,0,51,0,50,0,20,-6200,300,50,50,10,0,1287,0,0,0,0,100,10,2355,88,0,14,20,0,0,0,48,-6,100,0,10,5000,0,10,223,1000,70,60,8,4,64,1360,1584,64,64,108,85,95,0,0,0,80,80,100,100,100,64,8,0,50,1,-100,-150,0,100,100,0,1543,0,
0
aMaze!
79
10,12,19,28,30,95,90,-9,6,0,51,0,90,25,28,-7600,400,95,88,10,100,2845,0,0,0,8,60,8,-6900,400,9,50,93,0,2,0,0,8,761,58,82,4999,32,63,269,397,15,20,0,2,64,2624,1600,64,64,100,60,80,80,0,90,100,100,100,100,90,64,10,75,98,1,-100,-150,0,100,100,0,2823,0,
0
Canterbury5
79
50,30,10,-6400,12,-70,48,-2,0,7,0,0,50,30,8,-5900,1200,-100,20,-2,0,7,0,0,1,1,40,11,-4300,500,30,40,90,-10,0,0,6,5,100,0,10,5000,0,10,500,500,30,100,50,3,28,100,64,64,64,95,85,80,0,0,110,110,90,0,0,85,64,0,0,50,1,-100,-250,-10,100,80,35,7,0,
0
Sample&Mold
79
0,15,8,-3800,8,85,38,-5,3,2560,0,0,100,1,20,-4300,180,80,85,8,3,2049,0,0,85,4,60,18,-6200,600,0,80,20,3,0,0,170,-20,100,0,10,5000,0,10,500,1000,20,200,50,5,64,2368,1344,64,64,100,75,326,0,0,25,60,45,100,100,100,64,0,0,50,1,-100,-45,-15,90,100,0,2820,0,
0
SlappinFrame
79
40,6,18,-2790,70,47,26,-11,1,14,16,0,100,7,18,-5600,2500,-40,43,13,1,14,9,0,0,2,40,8,1990,220,20,130,50,15,0,0,1,4,3200,50,10,3536,50,40,332,841,20,200,40,3,64,64,64,64,64,110,90,100,60,60,50,100,70,100,100,100,46,0,0,50,1,-100,-150,0,100,100,0,0,0,
0
RetroFuture
79
0,0,9,-3800,18,30,75,-6,0,539,0,0,65,29,8,-6211,900,-25,61,0,0,2830,0,0,1,1,50,15,-7400,100,50,35,50,-3,0,0,50,-6,100,0,10,5000,0,10,500,500,30,100,50,2,64,2594,2378,64,64,105,100,298,0,0,0,60,60,100,100,100,64,0,0,20,1,-100,-150,-10,100,100,10,3086,0,
0
LiquidBowl
79
55,10,18,296,19,75,80,-30,88,0,41,0,100,24,20,1109,560,45,85,26,3,0,0,0,5,3,50,10,205,980,0,100,58,-85,19,0,0,-16,100,0,10,5000,0,10,220,2000,24,80,10,4,52,76,64,64,64,90,70,100,0,0,70,70,100,100,100,100,64,1,0,50,1,-100,-150,0,100,100,0,0,0,
0
BassOnIce
79
5,3,20,-1900,80,70,70,10,-100,0,9,0,65,22,20,897,1000,100,50,10,3,0,0,0,1,2,85,8,889,950,0,100,74,10,3,0,2,-60,100,0,10,5000,0,10,500,500,10,100,50,7,64,1073,847,64,64,100,70,105,0,0,70,100,100,100,100,100,64,38,0,50,1,-100,-150,0,100,100,0,0,0,
0
CosmicSamba
79
0,23,26,67,15,90,100,-50,50,0,51,0,50,5,24,1208,1100,85,80,10,10,0,0,0,2,4,50,10,608,300,15,98,80,15,72,6,5,7,99,0,10,5000,0,10,527,944,20,300,50,1,64,48,800,64,64,100,65,100,0,0,80,90,30,100,100,100,64,0,0,50,1,-100,-150,0,100,100,0,2315,0,
0
DizzyBells
79
45,23,30,-6400,13,70,70,5,10,2309,0,0,60,23,18,-7900,1200,5,46,4,15,2309,0,0,2,1,60,10,-6200,1200,0,10,60,-50,-100,0,0,6,100,0,10,5000,0,10,500,500,30,100,50,3,24,104,64,64,64,100,95,55,0,0,100,100,100,0,0,100,64,0,0,50,1,-100,-150,0,100,100,0,2309,0,
0
SledgeHammer
79
100,29,30,-4800,7,96,70,10,2,0,-59,0,70,0,30,-3300,240,70,75,11,15,519,16,-20,5,6,0,18,-3080,180,15,160,80,-10,0,51,0,1,67,100,27,5949,80,80,100,833,25,60,40,4,1052,352,64,64,64,90,64,92,0,0,100,100,55,75,75,100,64,0,0,50,1,-100,-150,-10,100,100,0,0,0,
0
TechAncient
79
0,15,7,62,8,60,60,-5,100,0,1,0,100,8,32,98,55,100,100,100,40,0,0,-8,2,4,10,8,499,70,0,96,35,3,0,0,12,8,100,0,10,5000,0,10,500,1000,20,200,50,2,64,64,64,64,64,90,80,110,0,0,0,50,85,100,100,100,64,0,0,50,1,-100,-150,0,100,100,0,4,0,
0
CastingSpell
79
30,18,14,-2800,36,36,40,-90,3,0,1,0,90,12,10,-7600,900,75,70,-20,8,-7,0,0,1,2,60,19,-7300,1000,28,70,8,1,-7,-90,30,-58,190,25,10,6675,90,23,570,1060,0,70,85,4,64,1058,1113,64,64,100,93,105,0,0,45,90,80,70,100,100,64,6,200,600,1,-200,-104,60,95,100,5,11,0,
0
Magic Lamp
79
20,2,28,-4300,15,90,70,-4,0,28,0,-50,55,1,20,-6700,800,-10,70,10,0,1297,0,0,0,3,40,18,-5500,400,50,20,100,10,0,0,3,2,100,0,10,5000,0,10,500,500,20,100,70,1,32,2912,2624,64,64,105,60,70,0,0,110,100,100,100,100,80,64,0,0,50,1,-100,-150,0,100,100,0,1809,0,
0
CaPhone
79
30,12,4,46,4,98,80,90,80,0,0,0,100,22,12,-6700,840,70,65,-5,4,0,31,0,4,3,30,2,445,30,0,21,64,25,0,11,3,4,60,100,26,8909,50,32,500,500,30,150,40,3,64,64,64,64,64,110,60,80,80,60,30,90,90,0,40,110,64,0,0,50,1,-100,-150,0,100,100,0,0,0,
0
TwitterSamba
79
100,24,27,-8800,3,100,70,0,0,795,0,0,0,3,6,73,800,10,80,3,0,27,51,0,0,2,70,13,-9100,20,5,94,60,-3,95,51,6,-25,100,0,10,5000,0,10,420,944,17,500,8,1,19,64,844,64,64,115,80,40,0,0,60,40,90,100,100,100,64,12,0,70,1,-100,-106,-15,100,100,10,1,0,
0
JungleCall
79
85,4,10,-5800,35,-45,0,0,0,2,0,0,35,3,18,-6110,580,-100,50,0,0,0,41,0,0,0,55,8,-6600,90,0,140,50,0,0,0,45,-10,100,0,10,5000,0,10,444,446,5,50,75,0,2343,2393,2368,64,64,100,100,71,0,0,80,75,105,100,100,100,64,15,0,65,1,-100,-150,0,100,100,0,2,0,
0
DevilDrum
79
15,21,28,36,32,0,90,11,30,0,1,0,90,10,30,83,3000,60,90,64,55,0,1,0,0,3,0,3,2000,500,6,15,15,32,0,-75,4,8,100,0,10,5000,0,10,405,2116,42,300,60,3,64,45,64,64,64,100,55,70,0,0,0,100,70,100,100,100,64,0,0,50,1,-100,-150,0,100,100,0,0,0,
0
SnowFrame
79
10,12,14,245,18,-45,50,3,2,0,41,0,90,11,21,160,1600,20,90,8,3,0,31,0,0,0,30,1,787,2000,0,100,50,35,50,-15,5,-60,50,70,10,5000,0,10,500,500,30,140,30,4,72,56,1571,64,64,112,80,105,60,0,55,80,100,100,100,100,64,0,0,90,1,-100,-150,0,100,100,0,2817,0,
0
BuzzBukaDrum
79
100,4,28,208,24,25,26,7,12,0,21,0,70,11,26,699,900,5,50,20,-12,0,21,0,0,1,0,18,36,120,30,140,70,-15,100,51,2,3,3200,50,10,3536,50,40,296,1123,20,90,8,5,1,127,64,64,64,110,80,100,20,0,100,100,100,100,100,100,64,0,0,50,1,-100,-120,-20,100,100,40,0,0,
0
Bamboorin
79
0,18,5,-3600,20,-40,85,25,10,0,1,0,70,5,28,-4500,2000,35,95,40,2,514,6,0,0,3,0,2,3730,100,2,145,80,9,0,-46,14,7,400,145,40,9244,160,80,313,3967,60,150,50,4,64,2368,64,64,64,105,90,50,60,0,40,60,100,30,80,105,64,0,0,50,1,-100,-150,0,100,100,0,770,0,
0
Rock'n'Roar
79
0,18,20,39,2,70,70,-8,4,0,41,-56,0,18,20,38,990,-60,50,14,3,0,31,0,1,3,100,19,84,65,10,70,72,-14,100,0,40,-5,56,100,52,5000,0,10,250,1419,30,250,50,0,52,76,2368,64,64,80,100,105,70,0,0,0,100,0,0,100,64,0,0,68,1,-100,-150,-10,100,100,10,3,0,
0
ClusterGong
79
70,11,30,959,18,100,80,-15,1,0,1,1,55,12,30,718,960,60,75,-18,6,0,101,0,0,6,10,10,188,1000,120,100,100,-25,5,101,0,8,83,60,23,5000,0,10,500,500,100,500,52,0,801,1120,64,64,64,108,25,95,50,0,90,85,65,100,100,77,64,0,0,50,1,-100,-150,0,100,100,0,0,0,
0
HystericDrum
79
70,2,32,43,10,100,100,100,15,0,31,0,20,3,28,88,960,80,90,20,25,0,21,0,1,4,90,13,1060,320,0,15,45,-4,50,31,4,8,100,0,10,5000,0,10,405,2116,20,180,15,3,64,64,64,64,64,100,60,75,0,0,80,100,100,100,100,100,64,0,0,50,1,-100,-168,16,100,80,10,0,0,
0
HyperAsia 3D
79
45,25,15,-5700,18,70,55,-2,0,21,1,0,60,26,10,-6200,1500,50,50,-1,0,21,0,0,0,1,20,13,-5000,1200,60,100,75,-8,1,0,2,3,100,0,10,5000,0,10,500,500,0,100,50,4,28,96,64,64,64,100,75,45,0,0,100,100,100,100,100,100,64,0,0,50,1,-100,-200,15,100,100,60,21,0,
0
Basstronics
79
30,0,32,-3600,15,100,75,-8,1,514,0,-50,35,24,22,-6010,340,75,70,1,0,1026,0,0,0,3,35,15,-3590,120,20,100,100,4,0,0,4,7,3200,50,10,3536,50,40,395,891,20,80,40,3,64,2368,1344,64,64,105,75,85,0,0,105,90,105,100,100,70,44,0,0,50,1,-100,-200,-5,90,110,80,514,0,
0
AsianDelight
79
50,25,12,-6900,5,60,75,-2,0,519,0,0,50,26,13,-6200,500,65,70,-1,0,771,0,0,0,1,20,16,-5000,240,10,130,75,-5,0,0,3,4,100,0,10,5000,0,10,500,500,0,100,50,5,32,96,64,64,64,100,80,60,0,0,100,100,100,100,100,90,64,0,0,50,1,-100,-200,12,100,100,65,795,0,
0
WickedStairs
79
70,0,25,-6700,27,70,70,8,0,1811,1,0,70,2,28,-5500,1200,60,50,8,0,539,0,0,1,2,0,13,-4300,800,1,100,30,-2,0,0,1,0,100,0,10,5000,0,10,500,500,0,100,50,4,2624,2147,64,64,64,105,85,80,0,0,80,70,55,100,100,95,64,3,0,50,1,-100,-150,-11,100,100,15,514,0,
0
Circuit Cave
79
85,16,31,781,11,95,85,-10,45,0,11,0,50,3,32,-4300,800,47,40,30,50,11,0,8,21,8,0,18,-3056,280,5,98,50,-30,-25,36,18,4,50,40,5,1250,60,5,500,500,30,150,50,4,290,608,64,64,64,100,48,75,70,65,100,60,20,0,0,100,64,0,0,50,1,-100,-172,10,100,100,30,0,0,
0
Warping Gong
79
45,2,22,48,30,54,15,46,20,0,0,0,45,2,22,47,3000,60,42,33,20,0,1,0,0,0,65,14,740,140,0,160,63,31,19,1,2,3,1131,100,44,1403,130,67,956,302,8,77,72,2,257,639,2368,64,64,105,55,48,55,45,100,100,50,70,100,85,64,0,0,50,1,-100,-102,-30,100,100,0,1031,0,
0
ElectroSnake
79
40,0,32,-2800,92,100,90,-8,4,18,0,-20,60,0,25,-4000,3000,85,60,-10,4,18,0,0,0,3,65,13,-6410,2400,20,90,50,-8,5,0,15,-30,190,25,10,6675,90,23,501,500,0,60,70,0,64,74,54,64,64,90,45,85,0,0,40,100,70,100,100,70,64,12,0,50,1,-100,-150,-10,100,100,0,18,0,
0
3D Labyrinth
79
50,0,30,-4815,12,80,75,-5,0,2818,0,0,50,1,20,-6700,750,45,43,10,0,3087,0,0,0,3,70,13,-4790,260,12,80,70,-9,-2,0,40,-5,3200,50,10,3536,50,40,332,841,7,50,37,4,2367,2644,64,64,64,100,60,65,40,26,0,0,100,100,100,100,64,10,30,160,1,-100,-154,-24,100,100,55,1807,0,
0
BubbleDrummy
79
10,20,29,35,18,90,80,24,100,0,1,0,85,11,22,1109,200,50,82,48,16,0,0,0,1,1,50,19,500,98,0,130,30,29,70,1,5,-16,100,0,10,5000,0,10,500,500,50,200,70,4,64,64,64,64,64,100,88,30,0,0,55,100,100,100,100,95,64,30,0,50,1,-100,-200,20,100,100,15,0,0,
0
FrogSingers
79
50,1,28,-5000,10,75,100,10,50,2,1,60,50,1,26,-4500,1300,35,100,0,100,0,0,50,0,1,50,19,-5000,240,2,140,100,0,22,0,0,2,100,0,10,5000,0,10,500,500,0,100,50,3,104,24,64,64,64,100,75,80,0,0,100,100,100,100,100,85,64,0,0,50,1,-100,-150,-10,100,100,5,0,0,
0
Blast Cell
79
20,16,12,-2400,22,50,100,20,50,28,41,0,80,30,22,-7500,550,-20,61,20,0,2311,0,6,0,2,50,13,-3900,250,10,100,40,-10,3,41,2,8,3200,50,10,3536,50,40,332,841,30,80,0,5,64,2905,2599,64,64,100,75,65,60,60,70,100,91,100,100,100,64,0,0,50,1,-100,-150,-10,100,100,0,2311,0,
0
ExplodeCajon
79
100,11,22,400,6,80,90,2,9,0,31,0,0,17,6,49,500,20,30,40,45,0,0,0,0,2,45,2,1022,120,10,80,80,80,75,0,3,8,99,0,10,2103,86,24,298,530,10,400,60,5,64,54,74,64,64,110,82,60,0,70,100,60,20,0,100,100,64,0,0,50,1,-100,-150,0,100,100,0,1031,0,
0
ShamiTechno
79
100,3,28,-4800,50,2,85,-5,2,1302,1,0,0,15,10,32,2400,-35,100,35,45,0,41,0,0,2,50,9,-7580,270,10,140,100,8,0,0,0,8,50,40,5,1250,60,5,500,1416,17,200,60,5,64,64,33,95,32,105,75,80,85,0,127,0,0,0,0,80,64,0,0,50,1,-100,-150,0,100,100,0,1046,0,
0
X-Capoeira
79
5,15,7,60,11,-10,41,0,0,0,0,0,100,6,20,94,1800,65,93,-2,10,0,0,0,9,4,0,3,1769,130,35,90,87,70,0,0,9,4,45,80,30,5000,0,10,375,891,30,100,50,4,64,1113,807,64,64,90,80,60,80,0,95,70,58,100,100,95,64,0,0,50,1,-100,-150,0,100,100,0,0,0,
0
RewindIt
79
50,30,17,-8100,20,95,70,-30,-90,-11,0,0,60,30,24,-3305,1800,100,80,-30,100,11,0,0,5,4,55,16,-6900,450,3,120,100,20,-100,0,5,5,84,0,10,3537,70,103,530,589,10,370,100,0,257,639,64,64,64,100,65,55,0,0,80,60,60,100,100,90,64,30,3,70,0,-96,-50,-20,80,90,10,-11,0,
0
WeirdJawHarp
79
50,1,18,-5500,10,50,93,0,0,1803,0,0,50,2,17,-6700,850,40,70,4,0,2059,0,0,1,2,50,16,-4276,250,3,30,50,4,0,0,10,1,100,0,10,5000,0,10,500,500,30,100,50,4,1052,868,64,64,64,100,65,90,0,0,100,100,100,100,100,80,64,0,0,50,1,-100,-150,0,100,100,0,1308,0,
0
Bugs&Birds
79
15,24,10,160,10,80,40,-11,6,1281,1,0,50,28,18,2299,320,77,60,25,100,515,0,-16,0,1,40,6,1888,180,0,98,20,-50,60,0,3,5,190,25,10,6675,90,23,570,1060,30,73,78,4,64,1575,1369,64,64,95,110,90,0,0,65,100,70,100,100,100,64,0,0,50,1,-100,-150,0,100,100,0,2049,0,
0
PsychicDrum
79
15,28,30,90,28,78,75,-55,-15,0,1,0,80,11,26,307,1200,90,81,50,15,0,-50,0,4,8,55,9,312,1600,12,58,88,100,-22,23,50,-85,100,0,10,5000,0,10,500,500,26,400,60,3,64,64,1344,64,64,100,36,326,0,0,70,90,60,0,0,80,64,16,3,70,1,-100,-150,0,100,100,0,0,0,
0
GetFiltered
79
0,0,4,-2800,80,100,90,-20,100,-256,1,-70,70,24,22,-5680,180,80,100,-10,100,28,11,-30,6,6,0,14,-2800,3000,100,120,70,-15,100,0,6,8,90,180,30,1487,180,29,500,500,0,90,50,0,36,1344,92,64,64,95,85,75,100,90,100,100,100,0,40,55,64,0,0,50,1,41,82,-96,100,110,80,-256,0,
0
HurtlingDrum
79
100,5,30,84,7,50,90,50,-5,1792,0,0,0,20,7,25,330,35,90,30,7,0,0,0,110,2,95,2,6272,85,10,68,88,35,0,-51,110,-31,88,120,30,1114,80,75,334,500,81,80,100,5,1344,64,1600,64,64,90,90,80,95,60,80,0,0,0,50,105,64,0,0,50,1,-100,-150,0,100,100,0,1543,0,
